Loaded ROM: roms/Moonwalker.bin (524288 bytes)

======================================================================
Tile Data Map: 0x01B000 - 0x02A400
======================================================================

Total tiles: 1952
Empty tiles: 9 (0.5%)
Data tiles: 1943 (99.5%)

Contiguous regions:
  DATA  0x01B000-0x01D0E0   8416 bytes  263 tiles  [1x1x263]
  DATA  0x01D100-0x01D260    352 bytes   11 tiles  [1x1x11]
  DATA  0x01D280-0x01D740   1216 bytes   38 tiles  [1x2x19]
  DATA  0x01D760-0x0220C0  18784 bytes  587 tiles  [1x1x587]  <-- Characters-large (2x4x73)
  DATA  0x0220E0-0x0237E0   5888 bytes  184 tiles  [2x4x23]  <-- MJ Anim A (2x4x23)
  DATA  0x023800-0x026DC0  13760 bytes  430 tiles  [2x5x43]  <-- MJ Anim B (2x5x43)
  DATA  0x026DE0-0x027B40   3424 bytes  107 tiles  [1x1x107]  <-- Chunk D (2x4x13)
  DATA  0x027B60-0x029080   5408 bytes  169 tiles  [1x1x169]  <-- Chunk E (2x4x21)
  DATA  0x0290A0-0x029640   1440 bytes   45 tiles  [3x5x3]  <-- Large chars (3x5x3)
  DATA  0x029660-0x02A400   3488 bytes  109 tiles  [1x1x109]  <-- Chunk F (2x4x13)

======================================================================
Proposed Sprite Definitions (based on tile analysis)
======================================================================

  0x01B000: 263 tiles (8416 bytes)
    Possible dimensions:
      1x1 tiles = 263 frames (8x8 pixels)

  0x01D100: 11 tiles (352 bytes)
    Possible dimensions:
      1x1 tiles = 11 frames (8x8 pixels)

  0x01D280: 38 tiles (1216 bytes)
    Possible dimensions:
      1x2 tiles = 19 frames (8x16 pixels)
      2x1 tiles = 19 frames (16x8 pixels)
      1x1 tiles = 38 frames (8x8 pixels)

  0x01D760: 587 tiles (18784 bytes)
    Current name: Characters-large (2x4x73)
    Possible dimensions:
      1x1 tiles = 587 frames (8x8 pixels)

  0x0220E0: 184 tiles (5888 bytes)
    Current name: MJ Anim A (2x4x23)
    Possible dimensions:
      2x4 tiles = 23 frames (16x32 pixels)
      4x2 tiles = 23 frames (32x16 pixels)
      1x4 tiles = 46 frames (8x32 pixels)
      2x2 tiles = 46 frames (16x16 pixels)
      4x1 tiles = 46 frames (32x8 pixels)

  0x023800: 430 tiles (13760 bytes)
    Current name: MJ Anim B (2x5x43)
    Possible dimensions:
      2x5 tiles = 43 frames (16x40 pixels)
      1x2 tiles = 215 frames (8x16 pixels)
      2x1 tiles = 215 frames (16x8 pixels)
      1x1 tiles = 430 frames (8x8 pixels)

  0x026DE0: 107 tiles (3424 bytes)
    Current name: Chunk D (2x4x13)
    Possible dimensions:
      1x1 tiles = 107 frames (8x8 pixels)

  0x027B60: 169 tiles (5408 bytes)
    Current name: Chunk E (2x4x21)
    Possible dimensions:
      1x1 tiles = 169 frames (8x8 pixels)

  0x0290A0: 45 tiles (1440 bytes)
    Current name: Large chars (3x5x3)
    Possible dimensions:
      3x5 tiles = 3 frames (24x40 pixels)
      5x3 tiles = 3 frames (40x24 pixels)
      3x3 tiles = 5 frames (24x24 pixels)
      1x3 tiles = 15 frames (8x24 pixels)
      3x1 tiles = 15 frames (24x8 pixels)

  0x029660: 109 tiles (3488 bytes)
    Current name: Chunk F (2x4x13)
    Possible dimensions:
      1x1 tiles = 109 frames (8x8 pixels)

======================================================================
Palette Data Scan
======================================================================
Found 139 potential palette locations:
  0x000004: 0000 0206 0000 0200 0000 0200 0000 0200 0000 0200 0000 0200 0000 0200 0000 0200
    RGB: (0,0,0) (108,0,36) (0,0,0) (0,0,36) (0,0,0) (0,0,36) (0,0,0) (0,0,36)
         (0,0,0) (0,0,36) (0,0,0) (0,0,36) (0,0,0) (0,0,36) (0,0,0) (0,0,36)
  0x000024: 0000 0200 0000 0200 0000 0200 0000 0200 0000 0200 0000 0200 0000 0200 0000 0200
    RGB: (0,0,0) (0,0,36) (0,0,0) (0,0,36) (0,0,0) (0,0,36) (0,0,0) (0,0,36)
         (0,0,0) (0,0,36) (0,0,0) (0,0,36) (0,0,0) (0,0,36) (0,0,0) (0,0,36)
  0x000044: 0000 0200 0000 0200 0000 0200 0000 0200 0000 0200 0000 0200 0000 0200 0000 0200
    RGB: (0,0,0) (0,0,36) (0,0,0) (0,0,36) (0,0,0) (0,0,36) (0,0,0) (0,0,36)
         (0,0,0) (0,0,36) (0,0,0) (0,0,36) (0,0,0) (0,0,36) (0,0,0) (0,0,36)
  0x00007C: 0000 0200 0000 0200 0000 0200 0000 0200 0000 0200 0000 0200 0000 0200 0000 0200
    RGB: (0,0,0) (0,0,36) (0,0,0) (0,0,36) (0,0,0) (0,0,36) (0,0,0) (0,0,36)
         (0,0,0) (0,0,36) (0,0,0) (0,0,36) (0,0,0) (0,0,36) (0,0,0) (0,0,36)
  0x00009C: 0000 0200 0000 0200 0000 0200 0000 0200 0000 0200 0000 0200 0000 0200 0000 0200
    RGB: (0,0,0) (0,0,36) (0,0,0) (0,0,36) (0,0,0) (0,0,36) (0,0,0) (0,0,36)
         (0,0,0) (0,0,36) (0,0,0) (0,0,36) (0,0,0) (0,0,36) (0,0,0) (0,0,36)
  0x0000BC: 0000 0200 0000 0200 0000 0200 0000 0200 0000 0200 0000 0200 0000 0200 0000 0200
    RGB: (0,0,0) (0,0,36) (0,0,0) (0,0,36) (0,0,0) (0,0,36) (0,0,0) (0,0,36)
         (0,0,0) (0,0,36) (0,0,0) (0,0,36) (0,0,0) (0,0,36) (0,0,0) (0,0,36)
  0x0000DC: 0000 0200 0000 0200 0000 0200 0000 0200 0000 0200 0000 0200 0000 0200 0000 0200
    RGB: (0,0,0) (0,0,36) (0,0,0) (0,0,36) (0,0,0) (0,0,36) (0,0,0) (0,0,36)
         (0,0,0) (0,0,36) (0,0,0) (0,0,36) (0,0,0) (0,0,36) (0,0,0) (0,0,36)
  0x002D30: 0ACA 0446 0224 0000 0864 0642 0220 0244 0222 066C 0004 0266 0000 0000 0000 0000
    RGB: (180,216,180) (108,72,72) (72,36,36) (0,0,0) (72,108,144) (36,72,108) (0,36,36) (72,72,36)
         (36,36,36) (216,108,108) (72,0,0) (108,108,36) (0,0,0) (0,0,0) (0,0,0) (0,0,0)
  0x0033D8: 08CE 048A 0046 0664 0442 0220 02E0 022E 0EE0 0000 0EEE 0042 06A8 08CA 0A66 0A44
    RGB: (252,216,144) (180,144,72) (108,72,0) (72,108,108) (36,72,72) (0,36,36) (0,252,36) (252,36,36)
         (0,252,252) (0,0,0) (252,252,252) (36,72,0) (144,180,108) (180,216,144) (108,108,180) (72,72,180)
  0x004416: 0002 0000 0202 0222 0224 0444 0446 0668 0888 068A 068C 08AE 06CE 0AEE 0EEE 0828
    RGB: (36,0,0) (0,0,0) (36,0,36) (36,36,36) (72,36,36) (72,72,72) (108,72,72) (144,108,108)
         (144,144,144) (180,144,108) (216,144,108) (252,180,144) (252,216,108) (252,252,180) (252,252,252) (144,36,144)
  0x006A90: 0622 0000 0000 0000 0EEE 00EE 0000 0000 0000 0000 006E 000E 000A 0006 0002 0000
    RGB: (36,36,108) (0,0,0) (0,0,0) (0,0,0) (252,252,252) (252,252,0) (0,0,0) (0,0,0)
         (0,0,0) (0,0,0) (252,108,0) (252,0,0) (180,0,0) (108,0,0) (36,0,0) (0,0,0)
  0x0082CA: 0AAA 0888 0666 0444 0222 06AC 048A 0268 0888 0666 0AAA 0CCC 0046 0024 0006 08E8
    RGB: (180,180,180) (144,144,144) (108,108,108) (72,72,72) (36,36,36) (216,180,108) (180,144,72) (144,108,36)
         (144,144,144) (108,108,108) (180,180,180) (216,216,216) (108,72,0) (72,36,0) (108,0,0) (144,252,144)
  0x00B432: 08CE 048A 0046 0664 0442 0220 02E0 022E 0EE0 0000 0000 0002 0224 0446 0668 088A
    RGB: (252,216,144) (180,144,72) (108,72,0) (72,108,108) (36,72,72) (0,36,36) (0,252,36) (252,36,36)
         (0,252,252) (0,0,0) (0,0,0) (36,0,0) (72,36,36) (108,72,72) (144,108,108) (180,144,144)
  0x00C662: 08EE 00CE 00AE 008E 006E 004C 0028 0006 0006 08EE 00CE 00AE 008E 006E 004C 0028
    RGB: (252,252,144) (252,216,0) (252,180,0) (252,144,0) (252,108,0) (216,72,0) (144,36,0) (108,0,0)
         (108,0,0) (252,252,144) (252,216,0) (252,180,0) (252,144,0) (252,108,0) (216,72,0) (144,36,0)
  0x00C682: 0028 0006 08EE 00CE 00AE 008E 006E 004C 004C 0028 0006 08EE 00CE 00AE 008E 006E
    RGB: (144,36,0) (108,0,0) (252,252,144) (252,216,0) (252,180,0) (252,144,0) (252,108,0) (216,72,0)
         (216,72,0) (144,36,0) (108,0,0) (252,252,144) (252,216,0) (252,180,0) (252,144,0) (252,108,0)
  0x00C6A2: 006E 004C 0028 0006 08EE 00CE 00AE 008E 008E 006E 004C 0028 0006 08EE 00CE 00AE
    RGB: (252,108,0) (216,72,0) (144,36,0) (108,0,0) (252,252,144) (252,216,0) (252,180,0) (252,144,0)
         (252,144,0) (252,108,0) (216,72,0) (144,36,0) (108,0,0) (252,252,144) (252,216,0) (252,180,0)
  0x00C6C2: 00AE 008E 006E 004C 0028 0006 08EE 00CE 00CE 00AE 008E 006E 004C 0028 0006 08EE
    RGB: (252,180,0) (252,144,0) (252,108,0) (216,72,0) (144,36,0) (108,0,0) (252,252,144) (252,216,0)
         (252,216,0) (252,180,0) (252,144,0) (252,108,0) (216,72,0) (144,36,0) (108,0,0) (252,252,144)
  0x00C6E2: 0000 08EE 00CE 00AE 008E 006E 004C 0028 0006 0000 08EE 008E 0000 0000 0000 0000
    RGB: (0,0,0) (252,252,144) (252,216,0) (252,180,0) (252,144,0) (252,108,0) (216,72,0) (144,36,0)
         (108,0,0) (0,0,0) (252,252,144) (252,144,0) (0,0,0) (0,0,0) (0,0,0) (0,0,0)
  0x014C4E: 008E 00EE 00EE 008E 046C 046C 046C 046C 0ACE 0088 0A64 0088 0A64 0088 0A64 0088
    RGB: (252,144,0) (252,252,0) (252,252,0) (252,144,0) (216,108,72) (216,108,72) (216,108,72) (216,108,72)
         (252,216,180) (144,144,0) (72,108,180) (144,144,0) (72,108,180) (144,144,0) (72,108,180) (144,144,0)
  0x014C6E: 0A64 0AEE 0EAE 0A80 0EE0 04E6 00A2 00EE 000C 008E 0EE0 0A80 00A2 04E6 00AA 0008
    RGB: (72,108,180) (252,252,180) (252,180,252) (0,144,180) (0,252,252) (108,252,72) (36,180,0) (252,252,0)
         (216,0,0) (252,144,0) (0,252,252) (0,144,180) (36,180,0) (108,252,72) (180,180,0) (144,0,0)
  0x014CD2: 0EEE 0642 0A86 0CCC 0CA8 0A88 0AAA 0A86 0866 0642 0C88 0A86 0A86 0A66 0864 0864
    RGB: (252,252,252) (36,72,108) (108,144,180) (216,216,216) (144,180,216) (144,144,180) (180,180,180) (108,144,180)
         (108,108,144) (36,72,108) (144,144,216) (108,144,180) (108,144,180) (108,108,180) (72,108,144) (72,108,144)
  0x01541E: 0EC0 0EA0 0E80 0E60 0E40 0E20 0E00 0C00 0A00 0800 0600 0800 0A00 0C00 0E00 0E20
    RGB: (0,216,252) (0,180,252) (0,144,252) (0,108,252) (0,72,252) (0,36,252) (0,0,252) (0,0,216)
         (0,0,180) (0,0,144) (0,0,108) (0,0,144) (0,0,180) (0,0,216) (0,0,252) (0,36,252)
  0x01A7FC: 0000 0000 0000 0000 0004 0000 0004 0000 0004 0000 0044 0000 0044 0000 0044 0000
    RGB: (0,0,0) (0,0,0) (0,0,0) (0,0,0) (72,0,0) (0,0,0) (72,0,0) (0,0,0)
         (72,0,0) (0,0,0) (72,72,0) (0,0,0) (72,72,0) (0,0,0) (72,72,0) (0,0,0)
  0x01AEAE: 0000 0000 0000 0000 0000 0000 0000 0000 0000 0000 0000 0004 0000 0004 0000 0004
    RGB: (0,0,0) (0,0,0) (0,0,0) (0,0,0) (0,0,0) (0,0,0) (0,0,0) (0,0,0)
         (0,0,0) (0,0,0) (0,0,0) (72,0,0) (0,0,0) (72,0,0) (0,0,0) (72,0,0)
  0x01B51E: 0000 0002 0000 0002 0000 0002 0000 0000 0000 0000 0000 0000 0000 0000 0000 0000
    RGB: (0,0,0) (36,0,0) (0,0,0) (36,0,0) (0,0,0) (36,0,0) (0,0,0) (0,0,0)
         (0,0,0) (0,0,0) (0,0,0) (0,0,0) (0,0,0) (0,0,0) (0,0,0) (0,0,0)
  0x01C73E: 0000 0000 0000 0000 0000 0000 0000 0000 0000 0006 0000 0006 0000 0006 0000 0000
    RGB: (0,0,0) (0,0,0) (0,0,0) (0,0,0) (0,0,0) (0,0,0) (0,0,0) (0,0,0)
         (0,0,0) (108,0,0) (0,0,0) (108,0,0) (0,0,0) (108,0,0) (0,0,0) (0,0,0)
  0x01FD9A: 0000 0004 0000 0004 0000 0004 0000 0004 0000 0004 0000 0004 0000 0004 0000 0004
    RGB: (0,0,0) (72,0,0) (0,0,0) (72,0,0) (0,0,0) (72,0,0) (0,0,0) (72,0,0)
         (0,0,0) (72,0,0) (0,0,0) (72,0,0) (0,0,0) (72,0,0) (0,0,0) (72,0,0)
  0x02092E: 0000 0044 0000 0044 0000 0044 0000 0044 0000 0044 0000 0004 0000 0000 0000 0000
    RGB: (0,0,0) (72,72,0) (0,0,0) (72,72,0) (0,0,0) (72,72,0) (0,0,0) (72,72,0)
         (0,0,0) (72,72,0) (0,0,0) (72,0,0) (0,0,0) (0,0,0) (0,0,0) (0,0,0)
  0x02141E: 0000 0000 0000 0000 0000 0000 0000 0000 0000 0000 0000 0004 0000 0004 0000 0004
    RGB: (0,0,0) (0,0,0) (0,0,0) (0,0,0) (0,0,0) (0,0,0) (0,0,0) (0,0,0)
         (0,0,0) (0,0,0) (0,0,0) (72,0,0) (0,0,0) (72,0,0) (0,0,0) (72,0,0)
  0x023B7C: 0000 0000 0004 0000 0004 0000 0004 0000 0004 0000 0000 0000 0000 0000 0000 0000
    RGB: (0,0,0) (0,0,0) (72,0,0) (0,0,0) (72,0,0) (0,0,0) (72,0,0) (0,0,0)
         (72,0,0) (0,0,0) (0,0,0) (0,0,0) (0,0,0) (0,0,0) (0,0,0) (0,0,0)
  0x023E3E: 0000 0024 0000 0004 0000 0002 0000 0002 0000 0000 0000 0000 0000 0000 0000 0000
    RGB: (0,0,0) (72,36,0) (0,0,0) (72,0,0) (0,0,0) (36,0,0) (0,0,0) (36,0,0)
         (0,0,0) (0,0,0) (0,0,0) (0,0,0) (0,0,0) (0,0,0) (0,0,0) (0,0,0)
  0x02513E: 0000 0000 0000 0000 0000 0000 0000 0000 0000 0000 0000 0004 0000 0004 0000 0044
    RGB: (0,0,0) (0,0,0) (0,0,0) (0,0,0) (0,0,0) (0,0,0) (0,0,0) (0,0,0)
         (0,0,0) (0,0,0) (0,0,0) (72,0,0) (0,0,0) (72,0,0) (0,0,0) (72,72,0)
  0x025B5E: 0000 0004 0000 0004 0000 0004 0000 0004 0000 0004 0000 0000 0000 0000 0000 0000
    RGB: (0,0,0) (72,0,0) (0,0,0) (72,0,0) (0,0,0) (72,0,0) (0,0,0) (72,0,0)
         (0,0,0) (72,0,0) (0,0,0) (0,0,0) (0,0,0) (0,0,0) (0,0,0) (0,0,0)
  0x025FEA: 0000 0CC4 0000 0044 0000 0044 0000 0044 0000 0044 0000 0000 0000 0000 0000 0000
    RGB: (0,0,0) (72,216,216) (0,0,0) (72,72,0) (0,0,0) (72,72,0) (0,0,0) (72,72,0)
         (0,0,0) (72,72,0) (0,0,0) (0,0,0) (0,0,0) (0,0,0) (0,0,0) (0,0,0)
  0x0266B2: 0000 0444 0000 0444 0000 0044 0000 0044 0000 0004 0000 0000 0000 0000 0000 0000
    RGB: (0,0,0) (72,72,72) (0,0,0) (72,72,72) (0,0,0) (72,72,0) (0,0,0) (72,72,0)
         (0,0,0) (72,0,0) (0,0,0) (0,0,0) (0,0,0) (0,0,0) (0,0,0) (0,0,0)
  0x02687E: 0000 0000 0000 0000 0000 0000 0000 0004 0000 0004 0000 0004 0000 0004 0000 0000
    RGB: (0,0,0) (0,0,0) (0,0,0) (0,0,0) (0,0,0) (0,0,0) (0,0,0) (72,0,0)
         (0,0,0) (72,0,0) (0,0,0) (72,0,0) (0,0,0) (72,0,0) (0,0,0) (0,0,0)
  0x0269EE: 0000 0000 0000 0000 0000 0000 0020 0000 0000 0000 0000 0000 0000 0044 0000 0044
    RGB: (0,0,0) (0,0,0) (0,0,0) (0,0,0) (0,0,0) (0,0,0) (0,36,0) (0,0,0)
         (0,0,0) (0,0,0) (0,0,0) (0,0,0) (0,0,0) (72,72,0) (0,0,0) (72,72,0)
  0x02764A: 0000 0000 0000 0000 0000 0000 0000 0000 0000 0000 0000 0044 0000 0044 0000 0444
    RGB: (0,0,0) (0,0,0) (0,0,0) (0,0,0) (0,0,0) (0,0,0) (0,0,0) (0,0,0)
         (0,0,0) (0,0,0) (0,0,0) (72,72,0) (0,0,0) (72,72,0) (0,0,0) (72,72,72)
  0x02792E: 0000 0000 0000 0000 0000 0000 0000 0000 0000 0000 0000 0004 0000 0044 0000 0444
    RGB: (0,0,0) (0,0,0) (0,0,0) (0,0,0) (0,0,0) (0,0,0) (0,0,0) (0,0,0)
         (0,0,0) (0,0,0) (0,0,0) (72,0,0) (0,0,0) (72,72,0) (0,0,0) (72,72,72)
  0x0286CA: 0000 0006 0000 0006 0000 0006 0000 0000 0000 0000 0000 0000 0000 0000 0000 0000
    RGB: (0,0,0) (108,0,0) (0,0,0) (108,0,0) (0,0,0) (108,0,0) (0,0,0) (0,0,0)
         (0,0,0) (0,0,0) (0,0,0) (0,0,0) (0,0,0) (0,0,0) (0,0,0) (0,0,0)
  0x028F4E: 0000 0000 0000 0000 0000 0000 0000 0000 0000 0000 0000 0004 0000 0004 0000 0004
    RGB: (0,0,0) (0,0,0) (0,0,0) (0,0,0) (0,0,0) (0,0,0) (0,0,0) (0,0,0)
         (0,0,0) (0,0,0) (0,0,0) (72,0,0) (0,0,0) (72,0,0) (0,0,0) (72,0,0)
  0x029778: 0000 0000 0000 0000 0000 0000 0000 0000 0000 0000 0004 0000 0004 0000 0004 0000
    RGB: (0,0,0) (0,0,0) (0,0,0) (0,0,0) (0,0,0) (0,0,0) (0,0,0) (0,0,0)
         (0,0,0) (0,0,0) (72,0,0) (0,0,0) (72,0,0) (0,0,0) (72,0,0) (0,0,0)
  0x02CDD8: 0000 0000 000E 0000 000E 0000 000E 0000 000E 0000 000E 0000 000E 0000 000E 0000
    RGB: (0,0,0) (0,0,0) (252,0,0) (0,0,0) (252,0,0) (0,0,0) (252,0,0) (0,0,0)
         (252,0,0) (0,0,0) (252,0,0) (0,0,0) (252,0,0) (0,0,0) (252,0,0) (0,0,0)
  0x02D30C: 0000 0868 0686 04A4 04A4 04A4 0A4A 0A4A 02C2 0A4A 0A4A 0A4A 02C2 04A4 0C2C 0E0E
    RGB: (0,0,0) (144,108,144) (108,144,108) (72,180,72) (72,180,72) (72,180,72) (180,72,180) (180,72,180)
         (36,216,36) (180,72,180) (180,72,180) (180,72,180) (36,216,36) (72,180,72) (216,36,216) (252,0,252)
  0x02D32C: 0000 02C2 04A4 04A4 00E0 0686 04A4 02C2 0686 02C2 00E0 0868 04A4 0868 04A4 0A4A
    RGB: (0,0,0) (36,216,36) (72,180,72) (72,180,72) (0,252,0) (108,144,108) (72,180,72) (36,216,36)
         (108,144,108) (36,216,36) (0,252,0) (144,108,144) (72,180,72) (144,108,144) (72,180,72) (180,72,180)
  0x02D34C: 0000 0686 02C2 02C2 00E0 04A4 0A4A 02C2 04A4 0C2C 02C2 02C2 04A4 0A4A 02C2 0868
    RGB: (0,0,0) (108,144,108) (36,216,36) (36,216,36) (0,252,0) (72,180,72) (180,72,180) (36,216,36)
         (72,180,72) (216,36,216) (36,216,36) (36,216,36) (72,180,72) (180,72,180) (36,216,36) (144,108,144)
  0x02D36C: 0000 0E80 0E40 0800 0C00 0C00 0EA0 0EA0 0600 0EC0 0EC0 0EC0 0400 0C00 0EEA 0EEE
    RGB: (0,0,0) (0,144,252) (0,72,252) (0,0,144) (0,0,216) (0,0,216) (0,180,252) (0,180,252)
         (0,0,108) (0,216,252) (0,216,252) (0,216,252) (0,0,72) (0,0,216) (180,252,252) (252,252,252)
  0x02D38C: 0000 0400 0800 0C00 0200 0E20 0800 0600 0E20 0400 0200 0E80 0800 0E80 0C00 0EA0
    RGB: (0,0,0) (0,0,72) (0,0,144) (0,0,216) (0,0,36) (0,36,252) (0,0,144) (0,0,108)
         (0,36,252) (0,0,72) (0,0,36) (0,144,252) (0,0,144) (0,144,252) (0,0,216) (0,180,252)
  0x02D3AC: 0000 0E40 0600 0400 0200 0C00 0EC0 0400 0800 0EEA 0400 0600 0800 0EC0 0600 0E80
    RGB: (0,0,0) (0,72,252) (0,0,108) (0,0,72) (0,0,36) (0,0,216) (0,216,252) (0,0,72)
         (0,0,144) (180,252,252) (0,0,72) (0,0,108) (0,0,144) (0,216,252) (0,0,108) (0,144,252)
  0x02D42C: 0000 0A88 0A64 0444 0664 0840 0EC6 0CA8 0620 0ACA 0CAC 0EE8 0402 0646 0CEE 0EEE
    RGB: (0,0,0) (144,144,180) (72,108,180) (72,72,72) (72,108,108) (0,72,144) (108,216,252) (144,180,216)
         (0,36,108) (180,216,180) (216,180,216) (144,252,252) (36,0,72) (108,72,108) (252,252,216) (252,252,252)
  0x02D44C: 0000 0402 0444 0646 0202 0468 0624 0224 0648 0222 0200 066C 0426 068C 0446 088C
    RGB: (0,0,0) (36,0,72) (72,72,72) (108,72,108) (36,0,36) (144,108,72) (72,36,108) (72,36,36)
         (144,72,108) (36,36,36) (0,0,36) (216,108,108) (108,36,72) (216,144,108) (108,72,72) (216,144,144)
  0x02D46C: 0000 0A64 0224 0400 0200 0646 0ACA 0402 0624 0CEE 0222 0620 0840 0CAC 0422 0A88
    RGB: (0,0,0) (72,108,180) (72,36,36) (0,0,72) (0,0,36) (108,72,108) (180,216,180) (36,0,72)
         (72,36,108) (252,252,216) (36,36,36) (0,36,108) (0,72,144) (216,180,216) (36,36,72) (144,144,180)
  0x02D48C: 0000 0688 0866 0A44 0A44 0A44 04AA 04AA 0C22 04AA 04AA 04AA 0C22 0A44 02CC 00EE
    RGB: (0,0,0) (144,144,108) (108,108,144) (72,72,180) (72,72,180) (72,72,180) (180,180,72) (180,180,72)
         (36,36,216) (180,180,72) (180,180,72) (180,180,72) (36,36,216) (72,72,180) (216,216,36) (252,252,0)
  0x02D4AC: 0000 0C22 0A44 0A44 0E00 0866 0A44 0C22 0866 0C22 0E00 0688 0A44 0688 0A44 04AA
    RGB: (0,0,0) (36,36,216) (72,72,180) (72,72,180) (0,0,252) (108,108,144) (72,72,180) (36,36,216)
         (108,108,144) (36,36,216) (0,0,252) (144,144,108) (72,72,180) (144,144,108) (72,72,180) (180,180,72)
  0x02D4CC: 0000 0866 0C22 0C22 0E00 0A44 04AA 0C22 0A44 02CC 0C22 0C22 0A44 04AA 0C22 0688
    RGB: (0,0,0) (108,108,144) (36,36,216) (36,36,216) (0,0,252) (72,72,180) (180,180,72) (36,36,216)
         (72,72,180) (216,216,36) (36,36,216) (36,36,216) (72,72,180) (180,180,72) (36,36,216) (144,144,108)
  0x02D4EC: 0000 0228 0004 0004 0428 0004 0006 0428 0002 062C 064E 064C 0000 0206 086E 0A6E
    RGB: (0,0,0) (144,36,36) (72,0,0) (72,0,0) (144,36,72) (72,0,0) (108,0,0) (144,36,72)
         (36,0,0) (216,36,108) (252,72,108) (216,72,108) (0,0,0) (108,0,36) (252,108,144) (252,108,180)
  0x02D50C: 0000 0402 0444 0646 0202 0468 0624 0224 0648 0222 0000 066C 0426 068C 0446 088C
    RGB: (0,0,0) (36,0,72) (72,72,72) (108,72,108) (36,0,36) (144,108,72) (72,36,108) (72,36,36)
         (144,72,108) (36,36,36) (0,0,0) (216,108,108) (108,36,72) (216,144,108) (108,72,72) (216,144,144)
  0x02D52C: 0000 0004 0224 0002 0000 0206 062C 0000 0226 086E 0202 0002 0004 064E 0000 0208
    RGB: (0,0,0) (72,0,0) (72,36,36) (36,0,0) (0,0,0) (108,0,36) (216,36,108) (0,0,0)
         (108,36,36) (252,108,144) (36,0,36) (36,0,0) (72,0,0) (252,72,108) (0,0,0) (144,0,36)
  0x02D54C: 0000 0688 0866 0A44 0A44 0A44 04AA 04AA 0C22 04AA 04AA 04AA 0C22 0A44 02CC 00EE
    RGB: (0,0,0) (144,144,108) (108,108,144) (72,72,180) (72,72,180) (72,72,180) (180,180,72) (180,180,72)
         (36,36,216) (180,180,72) (180,180,72) (180,180,72) (36,36,216) (72,72,180) (216,216,36) (252,252,0)
  0x02D56C: 0000 0C22 0A44 0A44 0E00 0866 0A44 0C22 0866 0C22 0E00 0688 0A44 0688 0A44 04AA
    RGB: (0,0,0) (36,36,216) (72,72,180) (72,72,180) (0,0,252) (108,108,144) (72,72,180) (36,36,216)
         (108,108,144) (36,36,216) (0,0,252) (144,144,108) (72,72,180) (144,144,108) (72,72,180) (180,180,72)
  0x02D58C: 0000 0866 0C22 0C22 0E00 0A44 04AA 0C22 0A44 02CC 0C22 0C22 0A44 04AA 0C22 0688
    RGB: (0,0,0) (108,108,144) (36,36,216) (36,36,216) (0,0,252) (72,72,180) (180,180,72) (36,36,216)
         (72,72,180) (216,216,36) (36,36,216) (36,36,216) (72,72,180) (180,180,72) (36,36,216) (144,144,108)
  0x02D5AC: 0000 0868 0686 04A4 04A4 04A4 0A4A 0A4A 02C2 0A4A 0A4A 0A4A 02C2 04A4 0C2C 0E0E
    RGB: (0,0,0) (144,108,144) (108,144,108) (72,180,72) (72,180,72) (72,180,72) (180,72,180) (180,72,180)
         (36,216,36) (180,72,180) (180,72,180) (180,72,180) (36,216,36) (72,180,72) (216,36,216) (252,0,252)
  0x02D5CC: 0000 02C2 04A4 04A4 00E0 0686 04A4 02C2 0686 02C2 00E0 0868 04A4 0868 04A4 0A4A
    RGB: (0,0,0) (36,216,36) (72,180,72) (72,180,72) (0,252,0) (108,144,108) (72,180,72) (36,216,36)
         (108,144,108) (36,216,36) (0,252,0) (144,108,144) (72,180,72) (144,108,144) (72,180,72) (180,72,180)
  0x02D5EC: 0000 0686 02C2 02C2 00E0 04A4 0A4A 02C2 04A4 0C2C 02C2 02C2 04A4 0A4A 02C2 0868
    RGB: (0,0,0) (108,144,108) (36,216,36) (36,216,36) (0,252,0) (72,180,72) (180,72,180) (36,216,36)
         (72,180,72) (216,36,216) (36,216,36) (36,216,36) (72,180,72) (180,72,180) (36,216,36) (144,108,144)
  0x02D60C: 0000 0E80 0E40 0800 0C00 0C00 0EA0 0EA0 0600 0EC0 0EC0 0EC0 0400 0C00 0EEA 0EEE
    RGB: (0,0,0) (0,144,252) (0,72,252) (0,0,144) (0,0,216) (0,0,216) (0,180,252) (0,180,252)
         (0,0,108) (0,216,252) (0,216,252) (0,216,252) (0,0,72) (0,0,216) (180,252,252) (252,252,252)
  0x02D62C: 0000 0400 0800 0C00 0200 0E20 0800 0600 0E20 0400 0200 0E80 0800 0E80 0C00 0EA0
    RGB: (0,0,0) (0,0,72) (0,0,144) (0,0,216) (0,0,36) (0,36,252) (0,0,144) (0,0,108)
         (0,36,252) (0,0,72) (0,0,36) (0,144,252) (0,0,144) (0,144,252) (0,0,216) (0,180,252)
  0x02D64C: 0000 0E40 0600 0400 0200 0C00 0EC0 0400 0800 0EEA 0400 0600 0800 0EC0 0600 0E80
    RGB: (0,0,0) (0,72,252) (0,0,108) (0,0,72) (0,0,36) (0,0,216) (0,216,252) (0,0,72)
         (0,0,144) (180,252,252) (0,0,72) (0,0,108) (0,0,144) (0,216,252) (0,0,108) (0,144,252)
  0x02D854: 0000 0EEE 0EC0 0EA0 0E80 0E60 0E40 0E20 0E00 0C00 0A00 0800 0600 0000 0000 0000
    RGB: (0,0,0) (252,252,252) (0,216,252) (0,180,252) (0,144,252) (0,108,252) (0,72,252) (0,36,252)
         (0,0,252) (0,0,216) (0,0,180) (0,0,144) (0,0,108) (0,0,0) (0,0,0) (0,0,0)
  0x02D874: 0000 0EEE 0AAA 0666 0222 0000 0004 0026 0248 026A 048C 008E 00EE 0040 0080 00C0
    RGB: (0,0,0) (252,252,252) (180,180,180) (108,108,108) (36,36,36) (0,0,0) (72,0,0) (108,36,0)
         (144,72,36) (180,108,36) (216,144,72) (252,144,0) (252,252,0) (0,72,0) (0,144,0) (0,216,0)
  0x02D894: 0000 0642 0422 0420 0200 0000 06AC 048A 0268 0CA8 0A86 0448 066A 0046 0024 0006
    RGB: (0,0,0) (36,72,108) (36,36,72) (0,36,72) (0,0,36) (0,0,0) (216,180,108) (180,144,72)
         (144,108,36) (144,180,216) (108,144,180) (144,72,72) (180,108,108) (108,72,0) (72,36,0) (108,0,0)
  0x02D8B4: 0000 08CE 048A 06EE 02AA 000A 0006 000E 0066 0222 0A42 0446 088C 0000 0EEE 0E00
    RGB: (0,0,0) (252,216,144) (180,144,72) (252,252,108) (180,180,36) (180,0,0) (108,0,0) (252,0,0)
         (108,108,0) (36,36,36) (36,72,180) (108,72,72) (216,144,144) (0,0,0) (252,252,252) (0,0,252)
  0x02D8D4: 0000 0ACC 08AA 0688 0466 0244 0022 0000 066A 0446 0224 0C64 0E22 0EEC 0EE0 0882
    RGB: (0,0,0) (216,216,180) (180,180,144) (144,144,108) (108,108,72) (72,72,36) (36,36,0) (0,0,0)
         (180,108,108) (108,72,72) (72,36,36) (72,108,216) (36,36,252) (216,252,252) (0,252,252) (36,144,144)
  0x02D8F4: 0000 066E 044C 022A 0008 0006 0004 0222 088C 0668 0446 0EEE 0ACC 0EEC 0EE0 0882
    RGB: (0,0,0) (252,108,108) (216,72,72) (180,36,36) (144,0,0) (108,0,0) (72,0,0) (36,36,36)
         (216,144,144) (144,108,108) (108,72,72) (252,252,252) (216,216,180) (216,252,252) (0,252,252) (36,144,144)
  0x02D914: 0000 0ACE 0AAA 0666 0222 0000 0620 0842 0A64 000A 0008 0006 0AEE 0EAE 0044 08EE
    RGB: (0,0,0) (252,216,180) (180,180,180) (108,108,108) (36,36,36) (0,0,0) (0,36,108) (36,72,144)
         (72,108,180) (180,0,0) (144,0,0) (108,0,0) (252,252,180) (252,180,252) (72,72,0) (252,252,144)
  0x02D934: 0000 08CE 048A 0046 0222 0444 0666 0CCA 0A86 0420 0642 0864 0000 0888 000C 0200
    RGB: (0,0,0) (252,216,144) (180,144,72) (108,72,0) (36,36,36) (72,72,72) (108,108,108) (180,216,216)
         (108,144,180) (0,36,72) (36,72,108) (72,108,144) (0,0,0) (144,144,144) (216,0,0) (0,0,36)
  0x02D954: 0000 0022 0AAA 0666 0222 0000 0620 0842 0A64 0444 0008 0EEE 0088 0066 0044 08EE
    RGB: (0,0,0) (36,36,0) (180,180,180) (108,108,108) (36,36,36) (0,0,0) (0,36,108) (36,72,144)
         (72,108,180) (72,72,72) (144,0,0) (252,252,252) (144,144,0) (108,108,0) (72,72,0) (252,252,144)
  0x02D974: 0000 046C 0AAA 0666 0222 0000 0620 0842 0A64 000A 0008 0006 0088 0A6A 0044 08EE
    RGB: (0,0,0) (216,108,72) (180,180,180) (108,108,108) (36,36,36) (0,0,0) (0,36,108) (36,72,144)
         (72,108,180) (180,0,0) (144,0,0) (108,0,0) (144,144,0) (180,108,180) (72,72,0) (252,252,144)
  0x02D994: 0000 0444 0AAA 0666 0222 0000 0640 0A80 0EC0 000E 000A 0006 00EE 00AA 0066 0AEE
    RGB: (0,0,0) (72,72,72) (180,180,180) (108,108,108) (36,36,36) (0,0,0) (0,72,108) (0,144,180)
         (0,216,252) (252,0,0) (180,0,0) (108,0,0) (252,252,0) (180,180,0) (108,108,0) (252,252,180)
  0x02D9B4: 0000 08CE 048A 0046 0222 0444 0666 0CCA 0A86 0420 0642 0864 0000 0888 000C 0200
    RGB: (0,0,0) (252,216,144) (180,144,72) (108,72,0) (36,36,36) (72,72,72) (108,108,108) (180,216,216)
         (108,144,180) (0,36,72) (36,72,108) (72,108,144) (0,0,0) (144,144,144) (216,0,0) (0,0,36)
  0x02D9D4: 0000 0444 0AAA 0666 0222 0000 0620 0842 0A64 000E 000A 0006 00EE 00AA 0044 0AEE
    RGB: (0,0,0) (72,72,72) (180,180,180) (108,108,108) (36,36,36) (0,0,0) (0,36,108) (36,72,144)
         (72,108,180) (252,0,0) (180,0,0) (108,0,0) (252,252,0) (180,180,0) (72,72,0) (252,252,180)
  0x02D9F4: 0000 08CE 048A 0046 0222 0444 0666 0CCA 0A86 0420 0642 0864 0000 0888 000C 0200
    RGB: (0,0,0) (252,216,144) (180,144,72) (108,72,0) (36,36,36) (72,72,72) (108,108,108) (180,216,216)
         (108,144,180) (0,36,72) (36,72,108) (72,108,144) (0,0,0) (144,144,144) (216,0,0) (0,0,36)
  0x02DA14: 0000 0022 0AAA 0666 0222 0000 0620 0842 0A64 0444 000A 0EEE 0088 0066 0044 08EE
    RGB: (0,0,0) (36,36,0) (180,180,180) (108,108,108) (36,36,36) (0,0,0) (0,36,108) (36,72,144)
         (72,108,180) (72,72,72) (180,0,0) (252,252,252) (144,144,0) (108,108,0) (72,72,0) (252,252,144)
  0x02DA34: 0000 0000 0422 0644 0866 0A88 0CAA 0ECC 0400 0200 0020 0240 0422 0444 0024 0666
    RGB: (0,0,0) (0,0,0) (36,36,72) (72,72,108) (108,108,144) (144,144,180) (180,180,216) (216,216,252)
         (0,0,72) (0,0,36) (0,36,0) (0,72,36) (36,36,72) (72,72,72) (72,36,0) (108,108,108)
  0x02DA56: 088C 0088 0006 0222 0444 0666 0CA8 0A86 0420 0642 0864 0000 0888 0CCC 0200 0000
    RGB: (216,144,144) (144,144,0) (108,0,0) (36,36,36) (72,72,72) (108,108,108) (144,180,216) (108,144,180)
         (0,36,72) (36,72,108) (72,108,144) (0,0,0) (144,144,144) (216,216,216) (0,0,36) (0,0,0)
  0x02DA96: 088C 048E 0006 0222 0444 0666 0CA8 0A86 0420 0642 0864 0000 0888 0CCC 0200 0000
    RGB: (216,144,144) (252,144,72) (108,0,0) (36,36,36) (72,72,72) (108,108,108) (144,180,216) (108,144,180)
         (0,36,72) (36,72,108) (72,108,144) (0,0,0) (144,144,144) (216,216,216) (0,0,36) (0,0,0)
  0x02DAF2: 0200 0000 0EEE 0AAA 0888 0444 0000 0466 0244 0022 0602 0824 0A46 0C68 00AA 000C
    RGB: (0,0,36) (0,0,0) (252,252,252) (180,180,180) (144,144,144) (72,72,72) (0,0,0) (108,108,72)
         (72,72,36) (36,36,0) (36,0,108) (72,36,144) (108,72,180) (144,108,216) (180,180,0) (216,0,0)
  0x02DBAE: 048A 0268 0024 0000 0A88 0A88 0C66 0E40 0E80 0EC0 0EE0 0EEC 0EEE 0044 0266 0488
    RGB: (180,144,72) (144,108,36) (72,36,0) (0,0,0) (144,144,180) (144,144,180) (108,108,216) (0,72,252)
         (0,144,252) (0,216,252) (0,252,252) (216,252,252) (252,252,252) (72,72,0) (108,108,36) (144,144,72)
  0x02DBCE: 06AA 0000 0000 0002 0024 0046 048A 0662 0884 0AA6 0CC8 0CCC 0EEE 0EEE 0CCC 0888
    RGB: (180,180,108) (0,0,0) (0,0,0) (36,0,0) (72,36,0) (108,72,0) (180,144,72) (36,108,108)
         (72,144,144) (108,180,180) (144,216,216) (216,216,216) (252,252,252) (252,252,252) (216,216,216) (144,144,144)
  0x02DBEE: 0444 0222 0226 0248 046A 048C 06AE 02AE 02EE 0262 02A2 02E2 0000 048A 0046 0002
    RGB: (72,72,72) (36,36,36) (108,36,36) (144,72,36) (180,108,72) (216,144,72) (252,180,108) (252,180,36)
         (252,252,36) (36,108,36) (36,180,36) (36,252,36) (0,0,0) (180,144,72) (108,72,0) (36,0,0)
  0x02DC0E: 0222 0422 0444 0200 0220 0000 0220 0442 0664 0262 02A2 02E2 0000 0488 06AA 08CC
    RGB: (36,36,36) (36,36,72) (72,72,72) (0,0,36) (0,36,36) (0,0,0) (0,36,36) (36,72,72)
         (72,108,108) (36,108,36) (36,180,36) (36,252,36) (0,0,0) (144,144,72) (180,180,108) (216,216,144)
  0x02DC2E: 0CEE 0000 0200 0022 0064 06C6 0AEE 0884 0AA6 0CC8 0EEA 0EEE 0000 0EEE 0CC0 0AA0
    RGB: (252,252,216) (0,0,0) (0,0,36) (36,36,0) (72,108,0) (108,216,108) (252,252,180) (72,144,144)
         (108,180,180) (144,216,216) (180,252,252) (252,252,252) (0,0,0) (252,252,252) (0,216,216) (0,180,180)
  0x02DC4E: 0880 0660 0440 0220 0000 0000 0200 0888 0200 0A60 0EA0 0EE0 0000 0EEE 0CC0 0AA0
    RGB: (0,144,144) (0,108,108) (0,72,72) (0,36,36) (0,0,0) (0,0,0) (0,0,36) (144,144,144)
         (0,0,36) (0,108,180) (0,180,252) (0,252,252) (0,0,0) (252,252,252) (0,216,216) (0,180,180)
  0x02DC6E: 0880 0660 0440 0220 0000 0000 0200 0888 0200 0A60 0EA0 0EE0 0000 0EEE 0A6E 084C
    RGB: (0,144,144) (0,108,108) (0,72,72) (0,36,36) (0,0,0) (0,0,0) (0,0,36) (144,144,144)
         (0,0,36) (0,108,180) (0,180,252) (0,252,252) (0,0,0) (252,252,252) (252,108,180) (216,72,144)
  0x02DC8E: 062A 0408 0206 0004 0000 0000 0002 0848 0002 0A60 0EA0 0EE0 0000 0EEE 0A6E 084C
    RGB: (180,36,108) (144,0,72) (108,0,36) (72,0,0) (0,0,0) (0,0,0) (36,0,0) (144,72,144)
         (36,0,0) (0,108,180) (0,180,252) (0,252,252) (0,0,0) (252,252,252) (252,108,180) (216,72,144)
  0x02DCAE: 062A 0408 0206 0004 0000 0000 0002 0848 0002 0A60 0EA0 0EE0 0000 0200 0400 0420
    RGB: (180,36,108) (144,0,72) (108,0,36) (72,0,0) (0,0,0) (0,0,0) (36,0,0) (144,72,144)
         (36,0,0) (0,108,180) (0,180,252) (0,252,252) (0,0,0) (0,0,36) (0,0,72) (0,36,72)
  0x02DCCE: 0422 0622 0644 0666 0866 0A66 0A88 0CAA 0ECC 0EEC 0EEE 0000 0000 0002 0004 0024
    RGB: (36,36,72) (36,36,108) (72,72,108) (108,108,108) (108,108,144) (108,108,180) (144,144,180) (180,180,216)
         (216,216,252) (216,252,252) (252,252,252) (0,0,0) (0,0,0) (36,0,0) (72,0,0) (72,36,0)
  0x02DCEE: 0224 0226 0446 0666 0668 066A 088A 0AAC 0CCE 0CEE 0EEE 0000 0000 0EEE 0ECC 0CAA
    RGB: (72,36,36) (108,36,36) (108,72,72) (108,108,108) (144,108,108) (180,108,108) (180,144,144) (216,180,180)
         (252,216,216) (252,252,216) (252,252,252) (0,0,0) (0,0,0) (252,252,252) (216,216,252) (180,180,216)
  0x02DD0E: 0A88 0866 0644 0422 0200 0E40 0E40 0EC0 0EE0 0EEA 0EE0 0882 0000 0CCE 0AAE 088C
    RGB: (144,144,180) (108,108,144) (72,72,108) (36,36,72) (0,0,36) (0,72,252) (0,72,252) (0,216,252)
         (0,252,252) (180,252,252) (0,252,252) (36,144,144) (0,0,0) (252,216,216) (252,180,180) (216,144,144)
  0x02DD2E: 066A 0448 0226 0004 0002 0E40 0E40 0EC0 0EE0 0EEA 0EE0 0882 006E 00AE 00CE 0CEE
    RGB: (180,108,108) (144,72,72) (108,36,36) (72,0,0) (36,0,0) (0,72,252) (0,72,252) (0,216,252)
         (0,252,252) (180,252,252) (0,252,252) (36,144,144) (252,108,0) (252,180,0) (252,216,0) (252,252,216)
  0x02DD4E: 0000 0000 0AC0 0880 0460 0240 0020 0000 0000 0000 0E00 0000 0000 0EEE 0000 0000
    RGB: (0,0,0) (0,0,0) (0,216,180) (0,144,144) (0,108,72) (0,72,36) (0,36,0) (0,0,0)
         (0,0,0) (0,0,0) (0,0,252) (0,0,0) (0,0,0) (252,252,252) (0,0,0) (0,0,0)
  0x02DD6E: 0000 0000 00AE 008E 006E 002E 0008 0026 0000 0000 0E00 0000 0000 0CCE 0000 0000
    RGB: (0,0,0) (0,0,0) (252,180,0) (252,144,0) (252,108,0) (252,36,0) (144,0,0) (108,36,0)
         (0,0,0) (0,0,0) (0,0,252) (0,0,0) (0,0,0) (252,216,216) (0,0,0) (0,0,0)
  0x034700: 0000 0200 0400 0600 0800 0A00 0C20 0E40 0E60 0E80 0EA0 0EC0 0EE0 0000 0000 0000
    RGB: (0,0,0) (0,0,36) (0,0,72) (0,0,108) (0,0,144) (0,0,180) (0,36,216) (0,72,252)
         (0,108,252) (0,144,252) (0,180,252) (0,216,252) (0,252,252) (0,0,0) (0,0,0) (0,0,0)
  0x034720: 0000 0866 0A66 0C66 0E66 0E66 0E86 0EA6 0EC6 0EE6 0EE6 0EE6 0EE6 0000 0000 0000
    RGB: (0,0,0) (108,108,144) (108,108,180) (108,108,216) (108,108,252) (108,108,252) (108,144,252) (108,180,252)
         (108,216,252) (108,252,252) (108,252,252) (108,252,252) (108,252,252) (0,0,0) (0,0,0) (0,0,0)
  0x034740: 0000 0644 0844 0A44 0C44 0E44 0E64 0E84 0EA4 0EC4 0EE4 0EE4 0EE4 0000 0000 0000
    RGB: (0,0,0) (72,72,108) (72,72,144) (72,72,180) (72,72,216) (72,72,252) (72,108,252) (72,144,252)
         (72,180,252) (72,216,252) (72,252,252) (72,252,252) (72,252,252) (0,0,0) (0,0,0) (0,0,0)
  0x034760: 0000 0422 0622 0822 0A22 0C22 0E42 0E62 0E82 0EA2 0EC2 0EE2 0EE2 0000 0000 0000
    RGB: (0,0,0) (36,36,72) (36,36,108) (36,36,144) (36,36,180) (36,36,216) (36,72,252) (36,108,252)
         (36,144,252) (36,180,252) (36,216,252) (36,252,252) (36,252,252) (0,0,0) (0,0,0) (0,0,0)
  0x034780: 0EE0 0C20 0600 0000 0ECC 0CA8 0A86 0864 0642 0420 0200 0002 0024 0246 0468 068A
    RGB: (0,252,252) (0,36,216) (0,0,108) (0,0,0) (216,216,252) (144,180,216) (108,144,180) (72,108,144)
         (36,72,108) (0,36,72) (0,0,36) (36,0,0) (72,36,0) (108,72,36) (144,108,72) (180,144,108)
  0x0347A0: 08AC 0ACE 0000 0000 0EEE 0ECC 0CA8 0A86 0864 0642 0420 0024 0246 0468 068A 08AC
    RGB: (216,180,144) (252,216,180) (0,0,0) (0,0,0) (252,252,252) (216,216,252) (144,180,216) (108,144,180)
         (72,108,144) (36,72,108) (0,36,72) (72,36,0) (108,72,36) (144,108,72) (180,144,108) (216,180,144)
  0x0347C0: 0ACE 0CEE 0000 0000 0EEE 0EEE 0ECC 0CA8 0A86 0864 0642 0246 0468 068A 08AC 0ACE
    RGB: (252,216,180) (252,252,216) (0,0,0) (0,0,0) (252,252,252) (252,252,252) (216,216,252) (144,180,216)
         (108,144,180) (72,108,144) (36,72,108) (108,72,36) (144,108,72) (180,144,108) (216,180,144) (252,216,180)
  0x0347E0: 0CEE 0CEE 0000 0000 0EEE 0EEE 0EEE 0ECC 0CA8 0A86 0864 0468 068A 08AC 0ACE 0CEE
    RGB: (252,252,216) (252,252,216) (0,0,0) (0,0,0) (252,252,252) (252,252,252) (252,252,252) (216,216,252)
         (144,180,216) (108,144,180) (72,108,144) (144,108,72) (180,144,108) (216,180,144) (252,216,180) (252,252,216)
  0x034800: 0CEE 0CEE 0000 0000 0EEE 0EEE 0ECC 0CA8 0A86 0864 0642 0246 0468 068A 08AC 0ACE
    RGB: (252,252,216) (252,252,216) (0,0,0) (0,0,0) (252,252,252) (252,252,252) (216,216,252) (144,180,216)
         (108,144,180) (72,108,144) (36,72,108) (108,72,36) (144,108,72) (180,144,108) (216,180,144) (252,216,180)
  0x034820: 0CEE 0CEE 0000 0000 0EEE 0ECC 0CA8 0A86 0864 0642 0420 0024 0246 0468 068A 08AC
    RGB: (252,252,216) (252,252,216) (0,0,0) (0,0,0) (252,252,252) (216,216,252) (144,180,216) (108,144,180)
         (72,108,144) (36,72,108) (0,36,72) (72,36,0) (108,72,36) (144,108,72) (180,144,108) (216,180,144)
  0x0468E2: 0000 08CE 048A 06EE 02AA 000A 0006 000E 0066 0000 0A42 0446 088C 0000 0EEE 0E00
    RGB: (0,0,0) (252,216,144) (180,144,72) (252,252,108) (180,180,36) (180,0,0) (108,0,0) (252,0,0)
         (108,108,0) (0,0,0) (36,72,180) (108,72,72) (216,144,144) (0,0,0) (252,252,252) (0,0,252)
  0x046D94: 0204 0204 0204 0204 0204 0402 0402 0402 0402 0402 0402 0402 0402 0402 0402 0402
    RGB: (72,0,36) (72,0,36) (72,0,36) (72,0,36) (72,0,36) (36,0,72) (36,0,72) (36,0,72)
         (36,0,72) (36,0,72) (36,0,72) (36,0,72) (36,0,72) (36,0,72) (36,0,72) (36,0,72)
  0x046DB4: 0402 0402 0402 0402 0402 0402 0402 0402 0402 0402 0402 0402 0402 0402 0402 0402
    RGB: (36,0,72) (36,0,72) (36,0,72) (36,0,72) (36,0,72) (36,0,72) (36,0,72) (36,0,72)
         (36,0,72) (36,0,72) (36,0,72) (36,0,72) (36,0,72) (36,0,72) (36,0,72) (36,0,72)
  0x046DD4: 0402 0402 0402 0402 0402 0402 0402 0402 0402 0402 0402 0402 0402 0402 0402 0402
    RGB: (36,0,72) (36,0,72) (36,0,72) (36,0,72) (36,0,72) (36,0,72) (36,0,72) (36,0,72)
         (36,0,72) (36,0,72) (36,0,72) (36,0,72) (36,0,72) (36,0,72) (36,0,72) (36,0,72)
  0x046DFA: 0204 0204 0204 0204 0204 0204 0204 0204 0204 0204 0204 0204 0204 0204 0204 0204
    RGB: (72,0,36) (72,0,36) (72,0,36) (72,0,36) (72,0,36) (72,0,36) (72,0,36) (72,0,36)
         (72,0,36) (72,0,36) (72,0,36) (72,0,36) (72,0,36) (72,0,36) (72,0,36) (72,0,36)
  0x046E1A: 0204 0204 0204 0204 0204 0204 0204 0204 0204 0204 0204 0204 0204 0204 0204 0204
    RGB: (72,0,36) (72,0,36) (72,0,36) (72,0,36) (72,0,36) (72,0,36) (72,0,36) (72,0,36)
         (72,0,36) (72,0,36) (72,0,36) (72,0,36) (72,0,36) (72,0,36) (72,0,36) (72,0,36)
  0x04743E: 0402 0402 0402 0402 0402 0402 0402 04E6 0402 0402 0402 0402 0402 0404 0204 0204
    RGB: (36,0,72) (36,0,72) (36,0,72) (36,0,72) (36,0,72) (36,0,72) (36,0,72) (108,252,72)
         (36,0,72) (36,0,72) (36,0,72) (36,0,72) (36,0,72) (72,0,72) (72,0,36) (72,0,36)
  0x04746A: 0402 0402 0402 0402 0402 0402 0402 0402 0402 0402 0402 0402 0402 0402 0402 0402
    RGB: (36,0,72) (36,0,72) (36,0,72) (36,0,72) (36,0,72) (36,0,72) (36,0,72) (36,0,72)
         (36,0,72) (36,0,72) (36,0,72) (36,0,72) (36,0,72) (36,0,72) (36,0,72) (36,0,72)
  0x04748A: 0402 0402 0402 0402 0402 0402 0402 0402 0402 0402 0402 0402 0402 0402 0402 0402
    RGB: (36,0,72) (36,0,72) (36,0,72) (36,0,72) (36,0,72) (36,0,72) (36,0,72) (36,0,72)
         (36,0,72) (36,0,72) (36,0,72) (36,0,72) (36,0,72) (36,0,72) (36,0,72) (36,0,72)
  0x0476A8: 0204 0204 0204 0204 0204 0204 0204 0204 0204 0204 0204 0204 0204 0204 0204 0204
    RGB: (72,0,36) (72,0,36) (72,0,36) (72,0,36) (72,0,36) (72,0,36) (72,0,36) (72,0,36)
         (72,0,36) (72,0,36) (72,0,36) (72,0,36) (72,0,36) (72,0,36) (72,0,36) (72,0,36)
  0x047B08: 0402 04E6 0402 0402 0402 0402 0402 0404 0204 0204 0204 0204 0204 0204 0204 0204
    RGB: (36,0,72) (108,252,72) (36,0,72) (36,0,72) (36,0,72) (36,0,72) (36,0,72) (72,0,72)
         (72,0,36) (72,0,36) (72,0,36) (72,0,36) (72,0,36) (72,0,36) (72,0,36) (72,0,36)
  0x047B28: 0204 0204 0204 0204 0204 0204 0204 0204 0204 0204 0204 0204 0204 0204 0204 0204
    RGB: (72,0,36) (72,0,36) (72,0,36) (72,0,36) (72,0,36) (72,0,36) (72,0,36) (72,0,36)
         (72,0,36) (72,0,36) (72,0,36) (72,0,36) (72,0,36) (72,0,36) (72,0,36) (72,0,36)
  0x047B48: 0204 0204 0204 0204 0204 0204 0204 0204 0204 0204 0204 0204 0204 0204 0204 0204
    RGB: (72,0,36) (72,0,36) (72,0,36) (72,0,36) (72,0,36) (72,0,36) (72,0,36) (72,0,36)
         (72,0,36) (72,0,36) (72,0,36) (72,0,36) (72,0,36) (72,0,36) (72,0,36) (72,0,36)
  0x047B68: 0204 0204 0204 0204 0204 0204 0204 0204 0204 0204 0204 0204 0204 0204 028A 0402
    RGB: (72,0,36) (72,0,36) (72,0,36) (72,0,36) (72,0,36) (72,0,36) (72,0,36) (72,0,36)
         (72,0,36) (72,0,36) (72,0,36) (72,0,36) (72,0,36) (72,0,36) (180,144,36) (36,0,72)
  0x047F6E: 0008 0008 0008 0008 0008 0008 0008 0800 0800 0800 0800 0800 0800 0408 0200 08A0
    RGB: (144,0,0) (144,0,0) (144,0,0) (144,0,0) (144,0,0) (144,0,0) (144,0,0) (0,0,144)
         (0,0,144) (0,0,144) (0,0,144) (0,0,144) (0,0,144) (144,0,72) (0,0,36) (0,180,144)
  0x0498F4: 0086 0800 0800 0800 0608 0444 02A0 0280 0400 02A0 0280 02A0 0200 0280 0200 02A0
    RGB: (108,144,0) (0,0,144) (0,0,144) (0,0,144) (144,0,108) (72,72,72) (0,180,36) (0,144,36)
         (0,0,72) (0,180,36) (0,144,36) (0,180,36) (0,0,36) (0,144,36) (0,0,36) (0,180,36)
  0x049996: 02E4 02E0 0280 0200 02E4 02E0 0280 0200 02E4 02E0 0280 0200 02E4 02E0 0280 0200
    RGB: (72,252,36) (0,252,36) (0,144,36) (0,0,36) (72,252,36) (0,252,36) (0,144,36) (0,0,36)
         (72,252,36) (0,252,36) (0,144,36) (0,0,36) (72,252,36) (0,252,36) (0,144,36) (0,0,36)
  0x049F98: 080A 080A 080A 080A 080A 080A 080A 080A 080A 080A 080A 080A 080A 080A 080A 080A
    RGB: (180,0,144) (180,0,144) (180,0,144) (180,0,144) (180,0,144) (180,0,144) (180,0,144) (180,0,144)
         (180,0,144) (180,0,144) (180,0,144) (180,0,144) (180,0,144) (180,0,144) (180,0,144) (180,0,144)
  0x04A230: 0A08 0A08 0A08 0A08 0A08 0A08 0A08 0A08 0A08 0A08 0A08 0A08 0A08 0A08 0A08 0A08
    RGB: (144,0,180) (144,0,180) (144,0,180) (144,0,180) (144,0,180) (144,0,180) (144,0,180) (144,0,180)
         (144,0,180) (144,0,180) (144,0,180) (144,0,180) (144,0,180) (144,0,180) (144,0,180) (144,0,180)
  0x0532F4: 0000 0000 0000 0000 0000 0000 0000 0000 0000 0000 0000 000A 0000 000A 0000 000A
    RGB: (0,0,0) (0,0,0) (0,0,0) (0,0,0) (0,0,0) (0,0,0) (0,0,0) (0,0,0)
         (0,0,0) (0,0,0) (0,0,0) (180,0,0) (0,0,0) (180,0,0) (0,0,0) (180,0,0)
  0x0555C4: 0008 0008 0008 0008 0008 0008 0008 0008 0008 0008 0008 0008 0008 0008 0008 0008
    RGB: (144,0,0) (144,0,0) (144,0,0) (144,0,0) (144,0,0) (144,0,0) (144,0,0) (144,0,0)
         (144,0,0) (144,0,0) (144,0,0) (144,0,0) (144,0,0) (144,0,0) (144,0,0) (144,0,0)
  0x055844: 0008 0008 0008 0008 0008 0008 0008 0008 0008 0008 0008 0008 0008 0008 0008 0008
    RGB: (144,0,0) (144,0,0) (144,0,0) (144,0,0) (144,0,0) (144,0,0) (144,0,0) (144,0,0)
         (144,0,0) (144,0,0) (144,0,0) (144,0,0) (144,0,0) (144,0,0) (144,0,0) (144,0,0)
  0x055B28: 0008 0008 0008 0008 0008 0008 0008 0008 0008 0008 0008 0008 0008 0008 0008 0008
    RGB: (144,0,0) (144,0,0) (144,0,0) (144,0,0) (144,0,0) (144,0,0) (144,0,0) (144,0,0)
         (144,0,0) (144,0,0) (144,0,0) (144,0,0) (144,0,0) (144,0,0) (144,0,0) (144,0,0)
  0x055DA8: 0008 0008 0008 0008 0008 0008 0008 0008 0008 0008 0008 0008 0008 0008 0008 0008
    RGB: (144,0,0) (144,0,0) (144,0,0) (144,0,0) (144,0,0) (144,0,0) (144,0,0) (144,0,0)
         (144,0,0) (144,0,0) (144,0,0) (144,0,0) (144,0,0) (144,0,0) (144,0,0) (144,0,0)
  0x0562FA: 0008 0008 0008 0008 0008 0008 0008 0008 0008 0008 0008 0008 0008 0008 0008 0008
    RGB: (144,0,0) (144,0,0) (144,0,0) (144,0,0) (144,0,0) (144,0,0) (144,0,0) (144,0,0)
         (144,0,0) (144,0,0) (144,0,0) (144,0,0) (144,0,0) (144,0,0) (144,0,0) (144,0,0)
  0x05657A: 0008 0008 0008 0008 0008 0008 0008 0008 0008 0008 0008 0008 0008 0008 0008 0008
    RGB: (144,0,0) (144,0,0) (144,0,0) (144,0,0) (144,0,0) (144,0,0) (144,0,0) (144,0,0)
         (144,0,0) (144,0,0) (144,0,0) (144,0,0) (144,0,0) (144,0,0) (144,0,0) (144,0,0)
  0x05685E: 0008 0008 0008 0008 0008 0008 0008 0008 0008 0008 0008 0008 0008 0008 0008 0008
    RGB: (144,0,0) (144,0,0) (144,0,0) (144,0,0) (144,0,0) (144,0,0) (144,0,0) (144,0,0)
         (144,0,0) (144,0,0) (144,0,0) (144,0,0) (144,0,0) (144,0,0) (144,0,0) (144,0,0)
  0x056ADE: 0008 0008 0008 0008 0008 0008 0008 0008 0008 0008 0008 0008 0008 0008 0008 0008
    RGB: (144,0,0) (144,0,0) (144,0,0) (144,0,0) (144,0,0) (144,0,0) (144,0,0) (144,0,0)
         (144,0,0) (144,0,0) (144,0,0) (144,0,0) (144,0,0) (144,0,0) (144,0,0) (144,0,0)

======================================================================
Updated Sprite Definition JSON
======================================================================
[
  {
    "name": "Region 0x01B000",
    "rom_offset": "0x01B000",
    "width_tiles": 1,
    "height_tiles": 1,
    "frame_count": 263,
    "palette_index": 0,
    "compression": "none",
    "notes": "Tiles: 263, verified by static analysis"
  },
  {
    "name": "Region 0x01D100",
    "rom_offset": "0x01D100",
    "width_tiles": 1,
    "height_tiles": 1,
    "frame_count": 11,
    "palette_index": 0,
    "compression": "none",
    "notes": "Tiles: 11, verified by static analysis"
  },
  {
    "name": "Region 0x01D280",
    "rom_offset": "0x01D280",
    "width_tiles": 1,
    "height_tiles": 2,
    "frame_count": 19,
    "palette_index": 0,
    "compression": "none",
    "notes": "Tiles: 38, verified by static analysis"
  },
  {
    "name": "Characters-large",
    "rom_offset": "0x01D760",
    "width_tiles": 1,
    "height_tiles": 1,
    "frame_count": 587,
    "palette_index": 0,
    "compression": "none",
    "notes": "Tiles: 587, verified by static analysis"
  },
  {
    "name": "MJ Anim A",
    "rom_offset": "0x0220E0",
    "width_tiles": 2,
    "height_tiles": 4,
    "frame_count": 23,
    "palette_index": 0,
    "compression": "none",
    "notes": "Tiles: 184, verified by static analysis"
  },
  {
    "name": "MJ Anim B",
    "rom_offset": "0x023800",
    "width_tiles": 2,
    "height_tiles": 5,
    "frame_count": 43,
    "palette_index": 0,
    "compression": "none",
    "notes": "Tiles: 430, verified by static analysis"
  },
  {
    "name": "Chunk D",
    "rom_offset": "0x026DE0",
    "width_tiles": 1,
    "height_tiles": 1,
    "frame_count": 107,
    "palette_index": 0,
    "compression": "none",
    "notes": "Tiles: 107, verified by static analysis"
  },
  {
    "name": "Chunk E",
    "rom_offset": "0x027B60",
    "width_tiles": 1,
    "height_tiles": 1,
    "frame_count": 169,
    "palette_index": 0,
    "compression": "none",
    "notes": "Tiles: 169, verified by static analysis"
  },
  {
    "name": "Large chars",
    "rom_offset": "0x0290A0",
    "width_tiles": 3,
    "height_tiles": 5,
    "frame_count": 3,
    "palette_index": 0,
    "compression": "none",
    "notes": "Tiles: 45, verified by static analysis"
  },
  {
    "name": "Chunk F",
    "rom_offset": "0x029660",
    "width_tiles": 1,
    "height_tiles": 1,
    "frame_count": 109,
    "palette_index": 0,
    "compression": "none",
    "notes": "Tiles: 109, verified by static analysis"
  }
]
